2201 0203 0405
2201 0203 0406
3304 0506 0708
4405 0607 0809
5506 0708 0901
6607 0809 0102
7708 0901 0203
8809 0102 0304
9910 1112 1314
2301 0203 0405
3401 0203 0406
4501 0203 0407
5601 0203 0408
6701 0203 0409
7801 0203 0410
8901 0203 0411
9001 0203 0412
2001 0203 0413
3001 0203 0414
4001 0203 0415
5001 0203 0416
6001 0203 0417
7001 0203 0418
8001 0203 0419
9001 0203 0420
2101 0203 0421
3201 0203 0422
4301 0203 0423
5401 0203 0424
6501 0203 0425
4001 0103 0415
5301 0203 0416
6301 0203 0417
7001 0203 0410
8001 0023 0419
94501 0203 0420
2111 0203 0421
3221 0203 0422
4331 0203 0423
5431 0203 0424
6531 0203 0425
